[gd_scene load_steps=6 format=2]

[ext_resource path="res://assets/misc/world_env.tres" type="Environment" id=1]
[ext_resource path="res://assets/objects/player.tscn" type="PackedScene" id=2]
[ext_resource path="res://assets/misc/DirectionalLight.tscn" type="PackedScene" id=3]
[ext_resource path="res://assets/misc/bobfixl.tscn" type="PackedScene" id=4]
[ext_resource path="res://assets/objects/collectable.tscn" type="PackedScene" id=5]

[node name="Spatial" type="Spatial"]

[node name="player" parent="." instance=ExtResource( 2 )]
transform = Transform( 1, 0, 0, 0, 1, 0, 0, 0, 1, 43.7069, 31.1468, 38.4621 )

[node name="DirectionalLight" parent="." instance=ExtResource( 3 )]
transform = Transform( 1, 0, 0, 0, 0.866025, 0.5, 0, -0.5, 0.866025, 0, 20, 0 )
target = NodePath("../player")

[node name="WorldEnvironment" type="WorldEnvironment" parent="."]
environment = ExtResource( 1 )

[node name="Spatial" parent="." instance=ExtResource( 4 )]
transform = Transform( -8.74228e-07, 0, -20, 0, 20, 0, 20, 0, -8.74228e-07, -102.887, -16.688, -111.908 )

[node name="collectable" parent="." instance=ExtResource( 5 )]
transform = Transform( 1, 0, 0, 0, 1, 0, 0, 0, 1, 25.2301, -14.088, 12.9307 )

[node name="collectable2" parent="." instance=ExtResource( 5 )]
transform = Transform( 1, 0, 0, 0, 1, 0, 0, 0, 1, 25.2301, -14.088, 25.9307 )

[node name="collectable3" parent="." instance=ExtResource( 5 )]
transform = Transform( -4.37114e-08, 0, 1, 0, 1, 0, -1, 0, -4.37114e-08, 18.7301, -14.088, 19.4307 )

[node name="collectable4" parent="." instance=ExtResource( 5 )]
transform = Transform( -4.37114e-08, 0, 1, 0, 1, 0, -1, 0, -4.37114e-08, 31.7301, -14.088, 19.4307 )

[node name="collectable5" parent="." instance=ExtResource( 5 )]
transform = Transform( -0.707107, 0, 0.707107, 0, 1, 0, -0.707107, 0, -0.707107, 20.6339, -14.088, 24.0269 )

[node name="collectable6" parent="." instance=ExtResource( 5 )]
transform = Transform( -0.707107, 0, 0.707107, 0, 1, 0, -0.707107, 0, -0.707107, 29.8263, -14.088, 14.8345 )

[node name="collectable7" parent="." instance=ExtResource( 5 )]
transform = Transform( 0.707107, 0, 0.707107, 0, 1, 0, -0.707107, 0, 0.707107, 20.6339, -14.088, 14.8345 )

[node name="collectable8" parent="." instance=ExtResource( 5 )]
transform = Transform( 0.707107, 0, 0.707107, 0, 1, 0, -0.707107, 0, 0.707107, 29.8263, -14.088, 24.0269 )
